36
-0.5 0.5 -0.5 0.375 0.75 0 0 -1
0.5 -0.5 -0.5 0.625 1 0 0 -1
-0.5 -0.5 -0.5 0.375 1 0 0 -1
0.5 0.5 -0.5 0.625 0.75 0 0 -1
0.5 -0.5 -0.5 0.625 1 0 0 -1
-0.5 0.5 -0.5 0.375 0.75 0 0 -1
-0.5 0.5 0.5 0.375 0.5 0 1 -0
0.5 0.5 -0.5 0.625 0.75 0 1 -0
-0.5 0.5 -0.5 0.375 0.75 0 1 -0
0.5 0.5 0.5 0.625 0.5 0 1 -0
0.5 0.5 -0.5 0.625 0.75 0 1 -0
-0.5 0.5 0.5 0.375 0.5 0 1 -0
-0.5 -0.5 0.5 0.375 0.25 0 0 1
0.5 0.5 0.5 0.625 0.5 0 0 1
-0.5 0.5 0.5 0.375 0.5 0 0 1
0.5 -0.5 0.5 0.625 0.25 0 0 1
0.5 0.5 0.5 0.625 0.5 0 0 1
-0.5 -0.5 0.5 0.375 0.25 0 0 1
-0.5 -0.5 -0.5 0.375 0 0 -1 -0
0.5 -0.5 0.5 0.625 0.25 0 -1 -0
-0.5 -0.5 0.5 0.375 0.25 0 -1 -0
0.5 -0.5 -0.5 0.625 0 0 -1 -0
0.5 -0.5 0.5 0.625 0.25 0 -1 -0
-0.5 -0.5 -0.5 0.375 0 0 -1 -0
0.5 0.5 -0.5 0.625 0.75 1 0 -0
0.5 -0.5 0.5 0.875 1 1 0 -0
0.5 -0.5 -0.5 0.625 1 1 0 -0
0.5 0.5 0.5 0.875 0.75 1 0 -0
0.5 -0.5 0.5 0.875 1 1 0 -0
0.5 0.5 -0.5 0.625 0.75 1 0 -0
-0.5 0.5 0.5 0.125 0.75 -1 0 -0
-0.5 -0.5 -0.5 0.375 1 -1 0 -0
-0.5 -0.5 0.5 0.125 1 -1 0 -0
-0.5 0.5 -0.5 0.375 0.75 -1 0 -0
-0.5 -0.5 -0.5 0.375 1 -1 0 -0
-0.5 0.5 0.5 0.125 0.75 -1 0 -0
